      0/49        0G    0.1156   0.01777         0    0.1334         1       256    0.1454    0.1398     0.112   0.01962    0.1004  0.008319         0
      1/49        0G    0.1205   0.02257         0    0.1431         4       256   0.09645    0.1429   0.04565  0.006266    0.1017  0.008307         0
      2/49        0G    0.1186   0.02432         0    0.1429         6       256    0.1011    0.3929   0.06476  0.008971    0.1026  0.008101         0
      3/49        0G     0.114   0.02082         0    0.1349         2       256    0.1784   0.07143   0.03767  0.006358   0.09718  0.009054         0
      4/49        0G    0.1053   0.02263         0     0.128         1       256    0.1772   0.07143   0.03177  0.004786   0.09758  0.008854         0
      5/49        0G    0.1057   0.02981         0    0.1355         4       256   0.08249   0.07143   0.02902  0.003771   0.09087  0.009421         0
      6/49        0G    0.1021   0.03069         0    0.1328         4       256   0.05436    0.1786   0.03305    0.0057   0.08097   0.01056         0
      7/49        0G   0.09509   0.03115         0    0.1262         4       256   0.05042    0.4286   0.03435  0.004452   0.08116  0.009912         0
      8/49        0G   0.09275   0.03882         0    0.1316         6       256    0.0798      0.25   0.07165   0.01689   0.08443  0.009427         0
      9/49        0G   0.08945   0.03517         0    0.1246         4       256    0.4442   0.07143   0.08966   0.02051   0.08453  0.009256         0
     10/49        0G   0.08539   0.03009         0    0.1155         3       256    0.2158     0.177    0.1197    0.0311   0.08058  0.009447         0
     11/49        0G   0.08608   0.03687         0    0.1229         4       256    0.3325      0.25    0.1694   0.03833   0.07565  0.009973         0
     12/49        0G    0.0814   0.03035         0    0.1117         2       256    0.2624    0.4643    0.2921   0.07307   0.06636   0.01054         0
     13/49        0G   0.08192   0.04002         0    0.1219         7       256    0.4676    0.3929    0.3538   0.09405   0.06589   0.01047         0
     14/49        0G   0.08287   0.04057         0    0.1234         9       256    0.4072    0.5357    0.3808   0.09149    0.0618   0.01081         0
     15/49        0G   0.07492   0.03446         0    0.1094         3       256     0.484    0.6071    0.4863    0.1022   0.05807   0.01111         0
     16/49        0G   0.07768   0.04541         0    0.1231        12       256     0.642    0.4643    0.4717   0.07973   0.05666   0.01093         0
     17/49        0G   0.07552   0.03569         0    0.1112         3       256    0.4247    0.6071    0.4274    0.1077   0.05541   0.01071         0
     18/49        0G   0.06551    0.0354         0    0.1009         2       256    0.4665    0.5714    0.4545    0.1675   0.05419   0.01055         0
     19/49        0G   0.06523   0.03234         0   0.09758         4       256     0.419    0.7471    0.5077    0.1423   0.04899   0.01061         0
     20/49        0G   0.06367   0.03616         0   0.09983         2       256    0.4993    0.6071    0.4804    0.1667   0.04501   0.01062         0
     21/49        0G   0.06421   0.03227         0   0.09648         4       256    0.5705    0.5714     0.512    0.2176   0.04398   0.01031         0
     22/49        0G    0.0628   0.03155         0   0.09435         2       256    0.6663    0.4993    0.5399    0.2412    0.0426   0.01005         0
     23/49        0G   0.05562   0.03084         0   0.08646         2       256    0.6201    0.6413    0.6445    0.3201   0.03873  0.009802         0
     24/49        0G   0.05792   0.03052         0   0.08844         2       256    0.6326    0.6786    0.6769    0.3221   0.04005  0.009544         0
     25/49        0G   0.05958   0.03385         0   0.09343         7       256    0.7022    0.6786    0.6989     0.368   0.04164  0.009449         0
     26/49        0G   0.05742   0.02845         0   0.08587         2       256    0.8327    0.7143    0.7461    0.3749   0.03975  0.009305         0
     27/49        0G   0.05407   0.02741         0   0.08148         2       256     0.769    0.7135    0.7529    0.3876   0.03793  0.009154         0
     28/49        0G   0.05875   0.02889         0   0.08764         2       256    0.6548    0.6775    0.7158    0.3352   0.03658  0.008979         0
     29/49        0G   0.05567   0.03215         0   0.08782        11       256    0.6447    0.7128    0.7197    0.4107   0.03615  0.008821         0
     30/49        0G   0.05243   0.02944         0   0.08188         5       256    0.7494    0.6429    0.7526    0.4178    0.0334  0.008596         0
     31/49        0G   0.05199   0.02927         0   0.08126         5       256    0.6438    0.7143    0.7452    0.4422   0.03183  0.008339         0
     32/49        0G   0.05082   0.02791         0   0.07873         1       256    0.6992      0.75    0.8067    0.4653   0.02927   0.00813         0
     33/49        0G   0.05102   0.02405         0   0.07507         3       256    0.7498      0.75    0.8212    0.4443   0.03167  0.007903         0
     34/49        0G   0.05134   0.02633         0   0.07766         2       256    0.7239      0.75    0.8352    0.4609   0.02891  0.007701         0
     35/49        0G   0.05175   0.02947         0   0.08122         6       256    0.7237      0.75     0.803    0.4537   0.02948  0.007613         0
     36/49        0G   0.04944   0.02935         0   0.07879        11       256    0.7418    0.8208    0.8352     0.526    0.0269  0.007482         0
     37/49        0G   0.05126   0.02509         0   0.07635         2       256    0.7418    0.8209    0.8296    0.5099   0.02606  0.007393         0
     38/49        0G   0.04656   0.02384         0   0.07039         3       256    0.8387      0.75     0.832      0.47   0.02638   0.00733         0
     39/49        0G   0.04816   0.02477         0   0.07292         1       256    0.8077    0.7499    0.8348    0.4776   0.02647  0.007196         0
     40/49        0G   0.04917    0.0281         0   0.07727         5       256    0.8076    0.7497    0.8387    0.3882   0.02933  0.007198         0
     41/49        0G   0.05158   0.02568         0   0.07726         4       256    0.7404    0.8214    0.8634    0.4826   0.02627  0.007094         0
     42/49        0G   0.04904   0.02692         0   0.07596         7       256    0.8071      0.75    0.8554    0.4658   0.02707  0.007047         0
     43/49        0G   0.04833    0.0292         0   0.07753         9       256    0.8276     0.857    0.9057    0.5528   0.02476  0.006998         0
     44/49        0G   0.04642   0.02795         0   0.07437         5       256    0.7981    0.8571    0.8934    0.5104   0.02652  0.006986         0
     45/49        0G   0.04647   0.02435         0   0.07082         2       256    0.8262    0.8571    0.9067     0.574   0.02539  0.006867         0
     46/49        0G   0.04375   0.02721         0   0.07096         7       256    0.8275    0.8571    0.8937    0.5987   0.02653  0.006816         0
     47/49        0G   0.04377   0.02229         0   0.06607         2       256    0.8514    0.8184    0.8935    0.5598   0.02886  0.006746         0
     48/49        0G   0.04161   0.02564         0   0.06724         1       256    0.7731    0.8571    0.8863    0.5229   0.02671  0.006699         0
     49/49        0G   0.04297   0.02553         0    0.0685         4       256    0.8333    0.8927    0.9187    0.6013   0.02445  0.006552         0
